701
0.0333333333333
0.18
704
0.08
0.04
706
0.157894736842
0.12
707
0.457142857143
0.32
708
0.71875
0.46
709
1.0
0.2
711
0.266666666667
0.08
712
0.111111111111
0.02
714
1.0
0.28
715
0.75
0.06
716
1.0
0.02
722
0.0
0.0
723
0.166666666667
0.1
724
0.0
0.0
725
0.111111111111
0.04
727
0.111111111111
0.02
730
0.0
0.0
733
1.0
0.16
738
0.571428571429
0.08
739
0.0
0.0
741
0.211538461538
0.22
745
0.5
0.02
746
1.0
0.02
747
0.21875
0.14
749
1.0
0.02
751
1.0
0.02
752
0.257142857143
0.54
753
0.973684210526
0.74
757
0.111111111111
0.02
763
0.16
0.08
771
1.0
0.68
772
0.25
0.02
776
0.555555555556
0.3
782
0.888888888889
0.96
792
0.0705596107056
0.58
794
0.764705882353
0.26
798
0.0
0.0
801
0.75
0.06
802
0.7
0.56
810
1.0
0.02
812
0.875
0.14
817
1.0
0.08
820
0.0882352941176
0.12
821
0.8
0.08
824
0.0238095238095
0.02
825
0.0
0.0
830
1.0
0.04
834
1.0
0.04
836
0.612244897959
0.6
841
1.0
0.02
843
0.00871898054997
0.26
846
0.571428571429
0.08
849
1.0
0.18
avg precision  = 0.508048868134
avg recall     = 0.171698113208
