701
0.0413223140496
0.2
702
0.125
0.02
704
0.135922330097
0.28
705
0.6875
0.22
706
0.366336633663
0.74
707
0.55
0.44
708
0.8125
0.52
709
1.0
0.48
711
0.28813559322
0.34
712
0.375
0.24
713
0.619718309859
0.88
714
0.516129032258
0.64
715
0.833333333333
0.1
716
1.0
0.04
722
0.254716981132
0.54
723
0.0993377483444
0.3
724
0.727272727273
0.16
725
0.30985915493
0.44
727
0.272727272727
0.06
729
1.0
0.2
730
0.8
0.08
733
1.0
0.44
735
0.592592592593
0.32
737
1.0
0.04
738
0.538461538462
0.14
739
0.154362416107
0.92
740
0.164705882353
0.56
741
0.37037037037
0.8
743
0.576923076923
0.3
745
1.0
0.06
746
0.933333333333
0.56
747
0.111111111111
0.18
749
0.150862068966
0.7
750
1.0
0.06
751
1.0
0.14
752
0.295180722892
0.98
753
0.775510204082
0.76
755
0.857142857143
0.12
757
0.27027027027
0.2
760
0.538461538462
0.14
761
0.928571428571
0.26
763
0.0967741935484
0.12
770
0.612244897959
0.6
771
1.0
0.86
772
0.269841269841
0.34
776
0.4
0.56
782
0.373134328358
1.0
792
0.0884086444008
0.9
794
0.48
0.48
795
0.833333333333
0.1
798
0.76
0.38
801
0.875
0.14
802
0.647058823529
0.66
806
0.928571428571
0.52
808
0.764705882353
0.26
810
1.0
0.38
811
0.708333333333
0.34
812
0.9
0.18
816
1.0
0.18
817
0.863636363636
0.38
818
0.769230769231
0.2
820
0.43023255814
0.74
821
0.340425531915
0.32
824
0.0857142857143
0.12
825
0.333333333333
0.16
826
0.842105263158
0.32
829
0.0357142857143
0.02
830
0.588235294118
0.2
831
0.625
0.1
834
0.857142857143
0.6
836
0.479452054795
0.7
838
0.615384615385
0.16
841
0.958333333333
0.46
843
0.74358974359
0.58
846
0.6
0.12
847
0.59375
0.38
849
0.955555555556
0.86
850
0.47619047619
0.4
avg precision  = 0.589783375624
avg recall     = 0.377179487179
