701   0.34 0.34 0.34 
702   0.78 0.78 0.78 
704   0.68 0.68 0.68 
705   0.34 0.34 0.34 
706   0.58 0.58 0.58 
707   0.2 0.2 0.2 
708   0.74 0.74 0.74 
709   0.92 0.92 0.92 
711   0.84 0.84 0.84 
712   0.52 0.52 0.52 
713   0.76 0.76 0.76 
714   0.58 0.58 0.58 
715   0.6 0.6 0.6 
716   0.78 0.78 0.78 
722   0.58 0.58 0.58 
723   0.56 0.56 0.56 
724   0.4 0.4 0.4 
725   0.22 0.22 0.22 
727   0.66 0.66 0.66 
729   0.72 0.72 0.72 
730   0.6 0.6 0.6 
733   0.74 0.74 0.74 
735   0.52 0.52 0.52 
737   0.48 0.48 0.48 
738   0.66 0.66 0.66 
739   0.46 0.46 0.46 
740   0.8 0.8 0.8 
741   0.66 0.66 0.66 
743   0.34 0.34 0.34 
745   0.38 0.38 0.38 
746   0.56 0.56 0.56 
747   0.48 0.48 0.48 
749   0.82 0.82 0.82 
750   0.8 0.8 0.8 
751   0.64 0.64 0.64 
752   0.48 0.48 0.48 
753   0.76 0.76 0.76 
755   0.6 0.6 0.6 
757   0.42 0.42 0.42 
760   0.58 0.58 0.58 
761   0.46 0.46 0.46 
763   0.42 0.42 0.42 
770   0.64 0.64 0.64 
771   0.74 0.74 0.74 
772   0.96 0.96 0.96 
776   0.7 0.7 0.7 
782   0.92 0.92 0.92 
792   0.58 0.58 0.58 
794   0.26 0.26 0.26 
795   0.24 0.24 0.24 
798   0.76 0.76 0.76 
801   0.5 0.5 0.5 
802   0.6 0.6 0.6 
804   0.72 0.72 0.72 
806   0.7 0.7 0.7 
808   0.56 0.56 0.56 
810   0.54 0.54 0.54 
811   0.4 0.4 0.4 
812   0.52 0.52 0.52 
816   0.84 0.84 0.84 
817   0.76 0.76 0.76 
818   0.72 0.72 0.72 
820   0.76 0.76 0.76 
821   0.64 0.64 0.64 
822   0.58 0.58 0.58 
824   0.62 0.62 0.62 
825   0.56 0.56 0.56 
826   0.6 0.6 0.6 
829   0.18 0.18 0.18 
830   0.44 0.44 0.44 
831   0.88 0.88 0.88 
834   0.92 0.92 0.92 
835   0.76 0.76 0.76 
836   0.8 0.8 0.8 
837   0.44 0.44 0.44 
838   0.64 0.64 0.64 
841   0.76 0.76 0.76 
843   0.58 0.58 0.58 
846   0.46 0.46 0.46 
847   0.18 0.18 0.18 
849   0.8 0.8 0.8 
850   0.74 0.74 0.74 
average prec_new : 0.603170731707
average recall_new : 0.603170731707
average fScore_new : 0.603170731707
